Case #1: 22 2 19 1 1 1 1 1 1 1 1 1 1 1 1 1 1 1 1 1 1 1 1
Case #2: -1
Case #3: -1
Case #4: 11 2 2 2 2 3 5 5 7 11 1 1
Case #5: -1
Case #6: 27 2 2 2 2 3 3 3 5 1 1 1 1 1 1 1 1 1 1 1 1 1 1 1 1 1 1 1
Case #7: 11 2 2 2 2 3 3 11 13 1 1 1
Case #8: 21 2 2 2 2 2 2 2 2 2 2 2 2 2 2 3 3 3 1 1 1 1
Case #9: -1
Case #10: 21 2 2 2 2 2 2 2 2 3 3 3 3 5 1 1 1 1 1 1 1 1
Case #11: 22 2 2 2 5 7 7 1 1 1 1 1 1 1 1 1 1 1 1 1 1 1 1
Case #12: 38 2 3 1 1 1 1 1 1 1 1 1 1 1 1 1 1 1 1 1 1 1 1 1 1 1 1 1 1 1 1 1 1 1 1 1 1 1 1
Case #13: 22 2 2 2 2 2 2 2 2 2 3 3 3 5 1 1 1 1 1 1 1 1 1
Case #14: 20 2 2 2 2 2 3 3 3 5 7 1 1 1 1 1 1 1 1 1 1
Case #15: 23 3 3 3 3 3 5 5 1 1 1 1 1 1 1 1 1 1 1 1 1 1 1 1
Case #16: -1
Case #17: -1
Case #18: 23 2 2 2 2 2 2 2 2 3 3 3 5 1 1 1 1 1 1 1 1 1 1 1
Case #19: 19 5 19 1 1 1 1 1 1 1 1 1 1 1 1 1 1 1 1 1
Case #20: 21 2 2 2 2 2 2 2 2 2 2 11 1 1 1 1 1 1 1 1 1 1
Case #21: 3 3 37 1
Case #22: 9 3 31 1 1 1 1 1 1 1
Case #23: 25 2 2 2 2 2 2 2 2 3 3 3 3 1 1 1 1 1 1 1 1 1 1 1 1 1
Case #24: -1
Case #25: 12 2 3 3 5 5 5 7 7 1 1 1 1
Case #26: 12 2 2 2 3 5 5 5 5 5 5 1 1
Case #27: -1
Case #28: 34 2 7 1 1 1 1 1 1 1 1 1 1 1 1 1 1 1 1 1 1 1 1 1 1 1 1 1 1 1 1 1 1 1 1
Case #29: 18 2 2 2 3 3 3 5 5 7 1 1 1 1 1 1 1 1 1
Case #30: 21 2 2 2 2 3 3 3 3 3 3 3 3 1 1 1 1 1 1 1 1 1
Case #31: 17 2 2 3 5 7 11 1 1 1 1 1 1 1 1 1 1 1
Case #32: 13 2 2 3 3 3 3 3 5 13 1 1 1 1
Case #33: -1
Case #34: -1
Case #35: 18 2 2 2 2 2 2 2 2 2 3 3 5 7 1 1 1 1 1
Case #36: 17 2 2 3 3 3 3 5 11 1 1 1 1 1 1 1 1 1
Case #37: -1
Case #38: 20 2 3 3 7 11 1 1 1 1 1 1 1 1 1 1 1 1 1 1 1
Case #39: 14 2 2 2 2 2 2 2 3 5 5 5 7 1 1
Case #40: -1
Case #41: -1
Case #42: 19 2 2 2 2 2 2 3 3 5 5 5 1 1 1 1 1 1 1 1
Case #43: 24 2 2 2 2 2 2 2 2 2 2 2 7 1 1 1 1 1 1 1 1 1 1 1 1
Case #44: 21 2 2 2 2 2 2 3 3 3 3 3 5 1 1 1 1 1 1 1 1 1
Case #45: -1
Case #46: 14 2 2 2 3 3 3 3 5 13 1 1 1 1 1
Case #47: 15 2 2 2 2 2 2 3 3 5 13 1 1 1 1 1
Case #48: 21 2 2 2 2 2 2 2 2 2 2 2 2 2 2 3 5 1 1 1 1 1
Case #49: 14 2 2 2 2 2 2 2 2 2 3 5 13 1 1
Case #50: 27 2 2 2 2 2 2 2 2 2 2 5 1 1 1 1 1 1 1 1 1 1 1 1 1 1 1 1
Case #51: 16 2 2 2 3 3 3 5 7 7 1 1 1 1 1 1 1
Case #52: 18 2 2 2 2 2 2 2 2 2 3 5 5 5 1 1 1 1 1
Case #53: 24 2 2 2 2 2 2 2 2 2 3 7 1 1 1 1 1 1 1 1 1 1 1 1 1
Case #54: -1
Case #55: -1
Case #56: -1
Case #57: 16 2 2 2 3 3 7 13 1 1 1 1 1 1 1 1 1
Case #58: 17 2 2 7 7 11 1 1 1 1 1 1 1 1 1 1 1 1
Case #59: 18 2 2 2 5 5 7 7 1 1 1 1 1 1 1 1 1 1 1
Case #60: 5 3 17 19 1 1
Case #61: 18 2 2 2 2 2 2 2 2 2 2 2 3 11 1 1 1 1 1
Case #62: 23 3 3 3 5 5 5 1 1 1 1 1 1 1 1 1 1 1 1 1 1 1 1 1
Case #63: 15 2 2 2 2 3 3 3 5 7 7 1 1 1 1 1
Case #64: -1
Case #65: 16 2 2 2 2 2 3 3 5 5 5 5 1 1 1 1 1
Case #66: 37 3 3 1 1 1 1 1 1 1 1 1 1 1 1 1 1 1 1 1 1 1 1 1 1 1 1 1 1 1 1 1 1 1 1 1 1 1
Case #67: 12 2 3 3 3 3 5 5 7 7 1 1 1
Case #68: 20 2 2 2 3 3 5 11 1 1 1 1 1 1 1 1 1 1 1 1 1
Case #69: 19 2 2 2 2 2 2 3 3 3 5 7 1 1 1 1 1 1 1 1
Case #70: 19 2 2 2 2 2 2 2 2 5 5 7 1 1 1 1 1 1 1 1
Case #71: 8 2 2 2 3 13 17 1 1
Case #72: 14 2 3 3 3 3 3 3 3 3 5 7 1 1 1
Case #73: 23 2 2 2 2 3 3 5 7 1 1 1 1 1 1 1 1 1 1 1 1 1 1 1
Case #74: 14 2 2 2 3 3 3 7 13 1 1 1 1 1 1
Case #75: 18 2 2 2 2 2 3 3 3 3 5 7 1 1 1 1 1 1 1
Case #76: 20 2 2 2 2 2 3 5 5 7 1 1 1 1 1 1 1 1 1 1 1
Case #77: 17 2 2 2 2 3 5 5 5 7 1 1 1 1 1 1 1 1
Case #78: 13 2 2 2 2 3 3 3 19 1 1 1 1 1
Case #79: 15 2 2 2 2 3 5 5 7 7 1 1 1 1 1 1
Case #80: 24 2 2 2 2 2 3 5 7 1 1 1 1 1 1 1 1 1 1 1 1 1 1 1 1
Case #81: 13 5 7 19 1 1 1 1 1 1 1 1 1 1
Case #82: 17 2 2 2 2 3 3 5 7 7 1 1 1 1 1 1 1 1
Case #83: 23 2 2 3 3 3 3 3 7 1 1 1 1 1 1 1 1 1 1 1 1 1 1 1
Case #84: 33 3 3 3 3 1 1 1 1 1 1 1 1 1 1 1 1 1 1 1 1 1 1 1 1 1 1 1 1 1 1 1 1 1
Case #85: 17 2 2 3 3 3 5 5 5 5 1 1 1 1 1 1 1 1
Case #86: -1
Case #87: -1
Case #88: 21 2 2 2 2 2 2 3 5 5 5 1 1 1 1 1 1 1 1 1 1 1
Case #89: 14 2 2 2 2 2 3 3 5 5 5 7 1 1 1
Case #90: 19 2 2 2 2 3 7 11 1 1 1 1 1 1 1 1 1 1 1 1
Case #91: 11 3 29 1 1 1 1 1 1 1 1 1
Case #92: 26 2 2 2 2 2 2 2 2 2 3 3 3 1 1 1 1 1 1 1 1 1 1 1 1 1 1
Case #93: 18 2 2 2 3 3 3 3 13 1 1 1 1 1 1 1 1 1 1
Case #94: 15 2 2 2 2 3 3 3 5 13 1 1 1 1 1 1
Case #95: 14 2 3 3 3 3 3 3 3 5 5 5 1 1 1
Case #96: 17 2 2 2 2 2 2 2 2 2 2 5 5 7 1 1 1 1
Case #97: -1
Case #98: -1
Case #99: -1
Case #100: 16 2 2 2 2 2 3 3 3 5 11 1 1 1 1 1 1
Case #101: 4 2 37 1 1
Case #102: 21 2 2 2 2 3 3 3 5 7 1 1 1 1 1 1 1 1 1 1 1 1
Case #103: 18 2 2 2 3 3 3 3 3 5 7 1 1 1 1 1 1 1 1
Case #104: 13 2 2 2 2 2 2 3 5 17 1 1 1 1
Case #105: 17 2 2 2 2 2 2 2 2 2 2 3 13 1 1 1 1 1
Case #106: 16 2 2 2 2 2 3 19 1 1 1 1 1 1 1 1 1
Case #107: 20 2 2 2 3 3 3 3 3 3 3 3 3 1 1 1 1 1 1 1 1
Case #108: -1
Case #109: 21 3 3 5 5 5 5 1 1 1 1 1 1 1 1 1 1 1 1 1 1 1
Case #110: 29 2 2 3 5 5 1 1 1 1 1 1 1 1 1 1 1 1 1 1 1 1 1 1 1 1 1 1 1 1
Case #111: -1
Case #112: -1
Case #113: 18 2 2 2 2 2 2 2 2 2 2 2 2 2 3 5 5 1 1
Case #114: 26 2 2 2 2 2 3 3 3 5 1 1 1 1 1 1 1 1 1 1 1 1 1 1 1 1 1
Case #115: 20 2 2 2 2 2 2 2 3 7 7 1 1 1 1 1 1 1 1 1 1
Case #116: 19 2 2 2 2 3 3 3 3 3 3 3 5 1 1 1 1 1 1 1
Case #117: 17 2 2 2 2 2 2 3 3 3 13 1 1 1 1 1 1 1
Case #118: 17 2 2 2 2 2 2 2 2 3 3 3 11 1 1 1 1 1
Case #119: 23 2 2 2 2 2 2 2 2 3 3 3 3 3 1 1 1 1 1 1 1 1 1 1
Case #120: 18 2 2 2 2 2 2 2 3 3 5 5 5 1 1 1 1 1 1
Case #121: 28 2 2 2 2 2 3 3 3 3 1 1 1 1 1 1 1 1 1 1 1 1 1 1 1 1 1 1 1
Case #122: 21 11 11 1 1 1 1 1 1 1 1 1 1 1 1 1 1 1 1 1 1 1
Case #123: 18 2 2 2 2 2 2 2 5 13 1 1 1 1 1 1 1 1 1
Case #124: 26 2 3 3 5 7 1 1 1 1 1 1 1 1 1 1 1 1 1 1 1 1 1 1 1 1 1
Case #125: 21 3 3 3 3 3 3 3 3 5 1 1 1 1 1 1 1 1 1 1 1 1
Case #126: 25 2 2 2 2 3 3 3 3 3 3 1 1 1 1 1 1 1 1 1 1 1 1 1 1 1
Case #127: 23 3 3 3 7 7 1 1 1 1 1 1 1 1 1 1 1 1 1 1 1 1 1 1
Case #128: 21 2 2 2 2 5 5 5 5 1 1 1 1 1 1 1 1 1 1 1 1 1
Case #129: 12 2 2 2 3 3 3 5 5 13 1 1 1
Case #130: 15 2 2 2 2 3 3 3 3 3 5 5 5 1 1 1
Case #131: 28 2 2 2 2 2 3 3 5 1 1 1 1 1 1 1 1 1 1 1 1 1 1 1 1 1 1 1 1
Case #132: 33 2 2 7 1 1 1 1 1 1 1 1 1 1 1 1 1 1 1 1 1 1 1 1 1 1 1 1 1 1 1 1 1 1
Case #133: 13 2 2 2 2 3 3 11 11 1 1 1 1 1
Case #134: 19 2 2 2 2 2 2 3 3 3 3 3 3 5 1 1 1 1 1 1
Case #135: 23 2 2 2 2 2 2 2 2 2 2 5 5 1 1 1 1 1 1 1 1 1 1 1
Case #136: 16 2 2 2 2 2 2 2 3 3 3 13 1 1 1 1 1
Case #137: 36 2 5 1 1 1 1 1 1 1 1 1 1 1 1 1 1 1 1 1 1 1 1 1 1 1 1 1 1 1 1 1 1 1 1 1 1
Case #138: 16 2 2 2 7 7 11 1 1 1 1 1 1 1 1 1 1
Case #139: 16 2 2 2 3 3 3 3 3 7 7 1 1 1 1 1 1
Case #140: -1
Case #141: 12 2 2 2 3 7 7 13 1 1 1 1 1
Case #142: 18 2 2 2 3 3 5 7 7 1 1 1 1 1 1 1 1 1 1
Case #143: 32 2 2 2 2 2 5 1 1 1 1 1 1 1 1 1 1 1 1 1 1 1 1 1 1 1 1 1 1 1 1 1 1
Case #144: 23 2 2 2 2 2 2 3 5 7 1 1 1 1 1 1 1 1 1 1 1 1 1 1
Case #145: 25 2 2 3 3 3 3 3 3 3 1 1 1 1 1 1 1 1 1 1 1 1 1 1 1 1
Case #146: 23 2 2 2 2 2 2 2 2 2 2 2 2 2 2 5 1 1 1 1 1 1 1 1
Case #147: -1
Case #148: 24 2 3 3 3 3 3 3 5 1 1 1 1 1 1 1 1 1 1 1 1 1 1 1 1
Case #149: 24 2 2 2 3 3 5 7 1 1 1 1 1 1 1 1 1 1 1 1 1 1 1 1 1
Case #150: 25 2 2 2 2 3 3 5 5 1 1 1 1 1 1 1 1 1 1 1 1 1 1 1 1 1
Case #151: 24 2 2 2 2 2 2 2 5 7 1 1 1 1 1 1 1 1 1 1 1 1 1 1 1
Case #152: 15 2 2 2 2 5 19 1 1 1 1 1 1 1 1 1
Case #153: 21 2 2 2 2 2 2 2 2 3 3 3 3 3 3 1 1 1 1 1 1 1
Case #154: -1
Case #155: -1
Case #156: 12 2 3 3 5 5 5 5 5 5 1 1 1
Case #157: 18 2 2 2 2 2 2 2 2 2 3 7 7 1 1 1 1 1 1
Case #158: 15 2 2 3 3 3 3 5 5 5 5 1 1 1 1 1
Case #159: 18 2 2 2 2 2 3 7 11 1 1 1 1 1 1 1 1 1 1
Case #160: 24 2 2 2 3 3 3 5 5 1 1 1 1 1 1 1 1 1 1 1 1 1 1 1 1
Case #161: 17 2 2 2 2 3 19 1 1 1 1 1 1 1 1 1 1 1
Case #162: -1
Case #163: 16 2 3 5 5 5 11 1 1 1 1 1 1 1 1 1 1
Case #164: 14 2 2 2 3 5 5 5 5 7 1 1 1 1 1
Case #165: 20 2 2 2 2 2 2 2 2 2 2 2 3 3 7 1 1 1 1 1 1
Case #166: 25 3 3 13 1 1 1 1 1 1 1 1 1 1 1 1 1 1 1 1 1 1 1 1 1 1
Case #167: -1
Case #168: 21 5 17 1 1 1 1 1 1 1 1 1 1 1 1 1 1 1 1 1 1 1
Case #169: 9 2 2 2 2 3 5 23 1 1
Case #170: 21 2 2 2 2 3 3 7 7 1 1 1 1 1 1 1 1 1 1 1 1 1
Case #171: 24 2 2 2 2 2 5 5 5 1 1 1 1 1 1 1 1 1 1 1 1 1 1 1 1
Case #172: 21 2 2 2 2 2 2 2 2 3 5 7 1 1 1 1 1 1 1 1 1 1
Case #173: 19 2 2 2 2 3 3 3 5 5 5 1 1 1 1 1 1 1 1 1
Case #174: 14 2 3 3 3 3 3 5 13 1 1 1 1 1 1
Case #175: 20 2 2 2 2 2 2 2 3 3 11 1 1 1 1 1 1 1 1 1 1
Case #176: 17 2 2 2 2 2 2 2 2 3 3 3 3 5 5 1 1 1
Case #177: -1
Case #178: 24 2 3 3 3 3 5 5 1 1 1 1 1 1 1 1 1 1 1 1 1 1 1 1 1
Case #179: 12 2 2 2 2 2 2 2 3 5 17 1 1
Case #180: 37 5 1 1 1 1 1 1 1 1 1 1 1 1 1 1 1 1 1 1 1 1 1 1 1 1 1 1 1 1 1 1 1 1 1 1 1 1
Case #181: 31 3 3 3 5 1 1 1 1 1 1 1 1 1 1 1 1 1 1 1 1 1 1 1 1 1 1 1 1 1 1 1
Case #182: 18 2 2 2 2 2 2 2 3 5 5 7 1 1 1 1 1 1 1
Case #183: 22 2 2 2 2 2 3 3 3 3 3 5 1 1 1 1 1 1 1 1 1 1 1
Case #184: 13 2 2 2 2 3 5 19 1 1 1 1 1 1
Case #185: 26 2 3 3 3 3 3 3 3 1 1 1 1 1 1 1 1 1 1 1 1 1 1 1 1 1 1
Case #186: 15 2 2 2 2 3 3 19 1 1 1 1 1 1 1 1
Case #187: -1
Case #188: -1
Case #189: -1
Case #190: -1
Case #191: -1
Case #192: 15 2 2 2 2 2 2 2 2 3 17 1 1 1 1 1
Case #193: 32 2 2 2 3 5 1 1 1 1 1 1 1 1 1 1 1 1 1 1 1 1 1 1 1 1 1 1 1 1 1 1 1
Case #194: 18 2 2 2 2 2 2 2 2 2 3 3 11 1 1 1 1 1 1
Case #195: -1
Case #196: 17 2 2 2 2 2 2 2 2 3 5 5 7 1 1 1 1 1
Case #197: 16 2 2 2 2 2 2 2 2 2 3 3 7 7 1 1 1
Case #198: -1
Case #199: 15 2 2 3 3 3 3 3 3 3 5 7 1 1 1 1
Case #200: 6 2 3 5 7 11 13
Case #201: 24 2 2 2 2 2 2 2 2 2 2 2 2 2 5 1 1 1 1 1 1 1 1 1 1
Case #202: 28 2 2 2 3 3 3 3 3 1 1 1 1 1 1 1 1 1 1 1 1 1 1 1 1 1 1 1 1
Case #203: -1
Case #204: 24 2 2 2 2 2 2 2 2 2 2 2 2 2 2 2 3 1 1 1 1 1 1 1 1
Case #205: 15 2 2 2 2 2 2 3 3 3 5 11 1 1 1 1
Case #206: 11 2 2 3 3 3 5 19 1 1 1 1
Case #207: 21 2 2 3 5 7 7 1 1 1 1 1 1 1 1 1 1 1 1 1 1 1
Case #208: 24 2 2 2 3 5 5 5 1 1 1 1 1 1 1 1 1 1 1 1 1 1 1 1 1
Case #209: -1
Case #210: 18 2 2 2 3 5 5 5 7 1 1 1 1 1 1 1 1 1 1
Case #211: -1
Case #212: 21 3 19 1 1 1 1 1 1 1 1 1 1 1 1 1 1 1 1 1 1 1
Case #213: 16 2 2 2 2 2 5 17 1 1 1 1 1 1 1 1 1
Case #214: 19 2 2 2 2 2 2 2 2 2 2 3 3 5 5 1 1 1 1 1
Case #215: 12 2 2 2 3 3 5 19 1 1 1 1 1
Case #216: 23 2 2 2 2 2 2 2 2 2 2 2 2 2 2 3 3 1 1 1 1 1 1 1
Case #217: 13 2 2 3 3 3 5 5 7 7 1 1 1 1
Case #218: 17 2 2 2 2 2 2 2 2 3 3 13 1 1 1 1 1 1
Case #219: 23 2 2 2 2 2 2 5 5 5 1 1 1 1 1 1 1 1 1 1 1 1 1 1
Case #220: 23 2 2 3 3 7 7 1 1 1 1 1 1 1 1 1 1 1 1 1 1 1 1 1
Case #221: -1
Case #222: 15 2 2 2 2 3 5 7 11 1 1 1 1 1 1 1
Case #223: 18 2 2 2 2 2 3 3 3 7 7 1 1 1 1 1 1 1 1
Case #224: 15 2 2 2 2 3 3 7 7 7 1 1 1 1 1 1
Case #225: -1
Case #226: 25 2 2 2 2 2 2 3 3 7 1 1 1 1 1 1 1 1 1 1 1 1 1 1 1 1
Case #227: 5 19 19 1 1 1
Case #228: 16 2 2 2 2 2 3 5 5 5 7 1 1 1 1 1 1
Case #229: -1
Case #230: 24 2 2 2 2 2 2 2 2 2 2 2 3 5 1 1 1 1 1 1 1 1 1 1 1
Case #231: -1
Case #232: 25 3 3 3 3 3 7 1 1 1 1 1 1 1 1 1 1 1 1 1 1 1 1 1 1 1
Case #233: 13 2 2 2 2 3 3 3 5 5 11 1 1 1
Case #234: -1
Case #235: 13 2 2 3 3 3 3 7 13 1 1 1 1 1
Case #236: 19 2 2 2 2 3 3 3 13 1 1 1 1 1 1 1 1 1 1 1
Case #237: 18 2 23 1 1 1 1 1 1 1 1 1 1 1 1 1 1 1 1
Case #238: 27 2 2 3 3 5 5 1 1 1 1 1 1 1 1 1 1 1 1 1 1 1 1 1 1 1 1 1
Case #239: 14 2 2 2 2 2 3 3 3 17 1 1 1 1 1
Case #240: -1
Case #241: 22 2 2 2 2 2 2 2 2 2 2 2 2 2 3 3 3 1 1 1 1 1 1
Case #242: 3 11 13 17
Case #243: -1
Case #244: 10 2 3 3 5 11 13 1 1 1 1
Case #245: 14 2 2 2 2 2 2 2 5 7 11 1 1 1 1
Case #246: -1
Case #247: 14 2 2 2 2 2 2 2 3 3 5 13 1 1 1
Case #248: 16 2 2 2 2 2 3 3 3 3 13 1 1 1 1 1 1
Case #249: 22 2 2 2 2 2 2 2 2 2 3 3 7 1 1 1 1 1 1 1 1 1 1
Case #250: 14 2 2 2 3 3 3 3 5 5 5 5 1 1 1
Case #251: 18 2 2 2 3 3 5 13 1 1 1 1 1 1 1 1 1 1 1
Case #252: -1
Case #253: 21 2 2 3 3 3 3 3 3 3 5 1 1 1 1 1 1 1 1 1 1 1
Case #254: -1
Case #255: 24 2 17 1 1 1 1 1 1 1 1 1 1 1 1 1 1 1 1 1 1 1 1 1 1
Case #256: 27 3 3 11 1 1 1 1 1 1 1 1 1 1 1 1 1 1 1 1 1 1 1 1 1 1 1 1
Case #257: 18 2 2 2 2 2 2 2 3 3 7 7 1 1 1 1 1 1 1
Case #258: 26 2 2 2 3 3 3 7 1 1 1 1 1 1 1 1 1 1 1 1 1 1 1 1 1 1 1
Case #259: -1
Case #260: 13 2 2 2 2 2 2 3 5 5 7 7 1 1
Case #261: 27 5 11 1 1 1 1 1 1 1 1 1 1 1 1 1 1 1 1 1 1 1 1 1 1 1 1 1
Case #262: 21 2 2 3 3 3 3 11 1 1 1 1 1 1 1 1 1 1 1 1 1 1
Case #263: 19 2 2 2 2 2 2 2 2 2 2 3 5 7 1 1 1 1 1 1
Case #264: -1
Case #265: 19 2 2 3 3 3 3 3 3 3 3 5 1 1 1 1 1 1 1 1
Case #266: 20 2 3 3 3 3 3 11 1 1 1 1 1 1 1 1 1 1 1 1 1
Case #267: 17 2 2 2 2 3 3 3 3 5 5 5 1 1 1 1 1 1
Case #268: 13 7 11 13 1 1 1 1 1 1 1 1 1 1
Case #269: 15 2 2 2 2 7 7 11 1 1 1 1 1 1 1 1
Case #270: 35 2 2 3 3 1 1 1 1 1 1 1 1 1 1 1 1 1 1 1 1 1 1 1 1 1 1 1 1 1 1 1 1 1 1 1
Case #271: 15 2 2 2 2 3 5 5 5 5 5 1 1 1 1 1
Case #272: 20 2 2 2 2 2 2 2 2 2 2 2 3 3 3 5 1 1 1 1 1
Case #273: 20 2 2 2 2 2 2 2 2 2 2 2 2 2 2 2 2 2 5 1 1
Case #274: 33 5 5 1 1 1 1 1 1 1 1 1 1 1 1 1 1 1 1 1 1 1 1 1 1 1 1 1 1 1 1 1 1 1
Case #275: 22 2 2 2 3 5 5 7 1 1 1 1 1 1 1 1 1 1 1 1 1 1 1
Case #276: 21 2 2 2 2 2 2 2 2 2 2 3 3 3 5 1 1 1 1 1 1 1
Case #277: 14 2 2 2 2 2 2 2 5 5 13 1 1 1 1
Case #278: 33 2 2 2 2 5 1 1 1 1 1 1 1 1 1 1 1 1 1 1 1 1 1 1 1 1 1 1 1 1 1 1 1 1
Case #279: 20 2 2 2 2 2 2 2 2 2 3 3 3 3 3 3 1 1 1 1 1
Case #280: -1
Case #281: -1
Case #282: 35 3 3 3 1 1 1 1 1 1 1 1 1 1 1 1 1 1 1 1 1 1 1 1 1 1 1 1 1 1 1 1 1 1 1 1
Case #283: 26 2 2 2 2 2 2 2 2 2 7 1 1 1 1 1 1 1 1 1 1 1 1 1 1 1 1
Case #284: 14 2 3 3 5 5 5 11 1 1 1 1 1 1 1
Case #285: 29 3 3 3 7 1 1 1 1 1 1 1 1 1 1 1 1 1 1 1 1 1 1 1 1 1 1 1 1 1
Case #286: -1
Case #287: 23 2 2 3 3 3 3 5 5 1 1 1 1 1 1 1 1 1 1 1 1 1 1 1
Case #288: 19 2 2 2 2 3 3 3 3 3 3 7 1 1 1 1 1 1 1 1
Case #289: 19 2 2 2 2 2 2 5 13 1 1 1 1 1 1 1 1 1 1 1
Case #290: 12 2 2 2 2 2 3 3 5 17 1 1 1
Case #291: -1
Case #292: -1
Case #293: 22 2 2 2 2 2 5 5 7 1 1 1 1 1 1 1 1 1 1 1 1 1 1
Case #294: 18 2 2 2 2 2 3 3 3 3 3 3 3 5 1 1 1 1 1
Case #295: 19 2 2 3 3 5 13 1 1 1 1 1 1 1 1 1 1 1 1 1
Case #296: 19 2 2 2 2 2 2 2 2 3 3 5 7 1 1 1 1 1 1 1
Case #297: 15 2 2 2 2 3 3 3 5 5 5 5 1 1 1 1
Case #298: 24 2 2 2 2 2 2 2 2 2 2 2 2 2 3 3 1 1 1 1 1 1 1 1 1
Case #299: 19 2 2 2 2 2 2 2 2 2 2 3 3 3 7 1 1 1 1 1
Case #300: 14 2 2 2 2 2 3 3 3 3 5 11 1 1 1
Case #301: -1
Case #302: 15 2 2 2 2 5 5 5 5 7 1 1 1 1 1 1
Case #303: -1
Case #304: 21 2 2 2 2 2 2 2 2 2 2 2 2 3 3 5 1 1 1 1 1 1
Case #305: 20 2 2 2 2 2 2 2 5 11 1 1 1 1 1 1 1 1 1 1 1
Case #306: 12 2 2 2 2 2 3 5 7 7 7 1 1
Case #307: 21 2 2 2 2 2 2 2 2 5 5 5 1 1 1 1 1 1 1 1 1 1
Case #308: 22 2 2 2 2 2 3 3 3 5 5 1 1 1 1 1 1 1 1 1 1 1 1
Case #309: 23 2 2 2 2 2 2 3 3 3 3 5 1 1 1 1 1 1 1 1 1 1 1 1
Case #310: -1
Case #311: 10 2 31 1 1 1 1 1 1 1 1
Case #312: 21 2 2 19 1 1 1 1 1 1 1 1 1 1 1 1 1 1 1 1 1 1
Case #313: 17 2 2 2 2 2 2 3 3 3 5 5 5 1 1 1 1 1
Case #314: 16 2 2 2 3 3 7 7 7 1 1 1 1 1 1 1 1
Case #315: 12 2 2 2 3 3 5 5 5 11 1 1 1
Case #316: 15 2 2 2 2 3 3 3 3 3 13 1 1 1 1 1
Case #317: 17 2 2 3 3 3 7 11 1 1 1 1 1 1 1 1 1 1
Case #318: 22 2 2 2 2 2 2 2 2 2 3 3 3 3 3 1 1 1 1 1 1 1 1
Case #319: 31 2 2 3 3 5 1 1 1 1 1 1 1 1 1 1 1 1 1 1 1 1 1 1 1 1 1 1 1 1 1 1
Case #320: 27 2 2 2 2 2 2 3 3 5 1 1 1 1 1 1 1 1 1 1 1 1 1 1 1 1 1 1
Case #321: -1
Case #322: 17 2 2 23 1 1 1 1 1 1 1 1 1 1 1 1 1 1
Case #323: 14 2 2 2 2 2 2 2 3 7 13 1 1 1 1
Case #324: 16 2 2 2 2 2 2 2 2 2 3 5 11 1 1 1 1
Case #325: 27 2 2 3 3 3 3 5 1 1 1 1 1 1 1 1 1 1 1 1 1 1 1 1 1 1 1 1
Case #326: 15 5 23 1 1 1 1 1 1 1 1 1 1 1 1 1
Case #327: -1
Case #328: -1
Case #329: 27 2 2 3 5 7 1 1 1 1 1 1 1 1 1 1 1 1 1 1 1 1 1 1 1 1 1 1
Case #330: 22 2 2 2 2 2 2 2 3 3 3 7 1 1 1 1 1 1 1 1 1 1 1
Case #331: 11 2 2 2 2 3 5 5 5 13 1 1
Case #332: 17 2 2 2 2 2 2 3 3 3 3 3 3 3 5 1 1 1
Case #333: 5 37 1 1 1 1
Case #334: 21 2 2 2 2 3 5 11 1 1 1 1 1 1 1 1 1 1 1 1 1 1
Case #335: 24 2 3 3 3 3 3 3 3 3 1 1 1 1 1 1 1 1 1 1 1 1 1 1 1
Case #336: 19 2 2 2 2 2 2 3 3 3 3 3 7 1 1 1 1 1 1 1
Case #337: 21 2 2 2 2 2 2 2 2 2 2 3 3 7 1 1 1 1 1 1 1 1
Case #338: 14 2 2 2 3 3 3 7 7 7 1 1 1 1 1
Case #339: 28 2 3 3 3 3 5 1 1 1 1 1 1 1 1 1 1 1 1 1 1 1 1 1 1 1 1 1 1
Case #340: 14 2 2 2 3 3 3 3 17 1 1 1 1 1 1
Case #341: 29 2 2 2 2 2 2 3 3 3 1 1 1 1 1 1 1 1 1 1 1 1 1 1 1 1 1 1 1 1
Case #342: -1
Case #343: 18 2 2 2 2 2 2 2 3 3 3 3 3 7 1 1 1 1 1
Case #344: -1
Case #345: -1
Case #346: 31 2 2 3 7 1 1 1 1 1 1 1 1 1 1 1 1 1 1 1 1 1 1 1 1 1 1 1 1 1 1 1
Case #347: 22 2 2 2 3 3 3 11 1 1 1 1 1 1 1 1 1 1 1 1 1 1 1
Case #348: 22 2 2 2 2 2 3 3 11 1 1 1 1 1 1 1 1 1 1 1 1 1 1
Case #349: -1
Case #350: 26 2 2 2 2 2 3 5 5 1 1 1 1 1 1 1 1 1 1 1 1 1 1 1 1 1 1
Case #351: 39 3 1 1 1 1 1 1 1 1 1 1 1 1 1 1 1 1 1 1 1 1 1 1 1 1 1 1 1 1 1 1 1 1 1 1 1 1 1 1
Case #352: 15 2 2 2 2 2 2 2 2 3 7 11 1 1 1 1
Case #353: 15 2 2 2 2 2 2 3 3 5 7 7 1 1 1 1
Case #354: 34 2 2 2 2 2 2 2 1 1 1 1 1 1 1 1 1 1 1 1 1 1 1 1 1 1 1 1 1 1 1 1 1 1 1
Case #355: 31 5 7 1 1 1 1 1 1 1 1 1 1 1 1 1 1 1 1 1 1 1 1 1 1 1 1 1 1 1 1 1
Case #356: 22 2 2 2 5 5 5 5 1 1 1 1 1 1 1 1 1 1 1 1 1 1 1
Case #357: 25 2 2 2 2 3 5 7 1 1 1 1 1 1 1 1 1 1 1 1 1 1 1 1 1 1
Case #358: 23 2 2 2 2 2 2 3 3 5 5 1 1 1 1 1 1 1 1 1 1 1 1 1
Case #359: 16 2 2 2 2 2 3 3 5 13 1 1 1 1 1 1 1
Case #360: 28 2 13 1 1 1 1 1 1 1 1 1 1 1 1 1 1 1 1 1 1 1 1 1 1 1 1 1 1
Case #361: 22 2 2 2 3 3 3 5 7 1 1 1 1 1 1 1 1 1 1 1 1 1 1
Case #362: 13 2 2 3 3 5 7 7 7 1 1 1 1 1
Case #363: 22 2 2 2 2 2 2 2 2 2 5 7 1 1 1 1 1 1 1 1 1 1 1
Case #364: 25 3 3 7 7 1 1 1 1 1 1 1 1 1 1 1 1 1 1 1 1 1 1 1 1 1
Case #365: 25 2 2 2 2 2 2 2 2 2 2 2 2 2 2 3 1 1 1 1 1 1 1 1 1 1
Case #366: 19 2 2 3 5 5 5 7 1 1 1 1 1 1 1 1 1 1 1 1
Case #367: 20 2 2 2 2 2 2 2 3 3 3 5 5 1 1 1 1 1 1 1 1
Case #368: 10 2 2 2 3 5 5 7 13 1 1
Case #369: -1
Case #370: -1
Case #371: 7 5 5 11 17 1 1 1
Case #372: 19 2 2 2 2 2 2 2 2 3 3 3 3 7 1 1 1 1 1 1
Case #373: 20 2 2 2 2 2 2 2 2 2 3 3 5 5 1 1 1 1 1 1 1
Case #374: -1
Case #375: 17 2 2 3 5 5 13 1 1 1 1 1 1 1 1 1 1 1
Case #376: 19 2 2 2 2 3 5 13 1 1 1 1 1 1 1 1 1 1 1 1
Case #377: 19 2 2 2 2 3 3 5 11 1 1 1 1 1 1 1 1 1 1 1
Case #378: 32 2 5 5 1 1 1 1 1 1 1 1 1 1 1 1 1 1 1 1 1 1 1 1 1 1 1 1 1 1 1 1 1
Case #379: -1
Case #380: 21 2 2 3 5 5 5 5 1 1 1 1 1 1 1 1 1 1 1 1 1 1
Case #381: 26 2 2 2 2 2 2 2 3 3 5 1 1 1 1 1 1 1 1 1 1 1 1 1 1 1 1
Case #382: 19 2 2 2 2 2 2 3 5 11 1 1 1 1 1 1 1 1 1 1
Case #383: 18 2 2 2 2 2 3 17 1 1 1 1 1 1 1 1 1 1 1
Case #384: 27 2 2 2 2 3 3 3 3 3 1 1 1 1 1 1 1 1 1 1 1 1 1 1 1 1 1 1
Case #385: 13 2 2 3 5 5 7 11 1 1 1 1 1 1
Case #386: 24 2 2 2 3 3 3 3 7 1 1 1 1 1 1 1 1 1 1 1 1 1 1 1 1
Case #387: -1
Case #388: 21 2 2 3 3 5 5 7 1 1 1 1 1 1 1 1 1 1 1 1 1 1
Case #389: 30 2 5 7 1 1 1 1 1 1 1 1 1 1 1 1 1 1 1 1 1 1 1 1 1 1 1 1 1 1 1
Case #390: 21 2 2 2 2 3 5 5 7 1 1 1 1 1 1 1 1 1 1 1 1 1
Case #391: -1
Case #392: 13 2 2 3 3 3 5 7 11 1 1 1 1 1
Case #393: 26 2 2 2 3 3 3 3 5 1 1 1 1 1 1 1 1 1 1 1 1 1 1 1 1 1 1
Case #394: 19 2 2 2 2 2 2 2 2 2 2 3 3 3 3 5 1 1 1 1
Case #395: 23 2 2 3 3 13 1 1 1 1 1 1 1 1 1 1 1 1 1 1 1 1 1 1
Case #396: 16 2 2 2 2 2 2 2 2 2 5 7 7 1 1 1 1
Case #397: 19 2 2 2 2 3 3 3 3 11 1 1 1 1 1 1 1 1 1 1
Case #398: 14 2 3 3 3 5 5 13 1 1 1 1 1 1 1
Case #399: 21 2 2 2 2 3 3 3 3 3 7 1 1 1 1 1 1 1 1 1 1 1
Case #400: 13 2 2 2 2 3 3 5 5 7 7 1 1 1
Case #401: 3 17 23 1
Case #402: 22 2 3 17 1 1 1 1 1 1 1 1 1 1 1 1 1 1 1 1 1 1 1
Case #403: 27 2 2 2 2 2 2 2 2 2 2 2 2 3 1 1 1 1 1 1 1 1 1 1 1 1 1 1
Case #404: -1
Case #405: 28 2 2 2 2 2 2 2 2 2 3 3 1 1 1 1 1 1 1 1 1 1 1 1 1 1 1 1 1
Case #406: 24 2 2 2 2 2 3 3 5 5 1 1 1 1 1 1 1 1 1 1 1 1 1 1 1
Case #407: 28 2 2 2 2 2 3 7 1 1 1 1 1 1 1 1 1 1 1 1 1 1 1 1 1 1 1 1 1
Case #408: 19 23 1 1 1 1 1 1 1 1 1 1 1 1 1 1 1 1 1 1
Case #409: 29 2 2 3 3 3 5 1 1 1 1 1 1 1 1 1 1 1 1 1 1 1 1 1 1 1 1 1 1 1
Case #410: 13 2 2 3 3 3 3 3 17 1 1 1 1 1
Case #411: 25 2 2 2 2 2 2 2 2 3 7 1 1 1 1 1 1 1 1 1 1 1 1 1 1 1
Case #412: 17 2 2 2 2 2 2 3 3 3 3 11 1 1 1 1 1 1
Case #413: 21 2 2 2 2 2 2 2 2 2 2 2 2 2 2 7 1 1 1 1 1 1
Case #414: -1
Case #415: 16 2 3 3 3 3 3 3 5 5 5 1 1 1 1 1 1
Case #416: 25 2 2 2 2 3 3 3 3 5 1 1 1 1 1 1 1 1 1 1 1 1 1 1 1 1
Case #417: 17 2 2 2 2 2 2 2 2 2 2 3 3 5 7 1 1 1
Case #418: 17 2 2 2 2 2 2 3 3 3 3 3 5 5 1 1 1 1
Case #419: -1
Case #420: 16 2 2 2 2 2 3 3 3 3 5 5 5 1 1 1 1
Case #421: 21 2 2 5 5 11 1 1 1 1 1 1 1 1 1 1 1 1 1 1 1 1
Case #422: 22 2 2 2 2 2 3 3 3 3 3 3 3 1 1 1 1 1 1 1 1 1 1
Case #423: 17 2 2 2 2 2 2 2 2 3 3 3 5 7 1 1 1 1
Case #424: 15 2 2 2 2 3 11 11 1 1 1 1 1 1 1 1
Case #425: 21 2 2 2 2 3 3 3 11 1 1 1 1 1 1 1 1 1 1 1 1 1
Case #426: 13 2 2 3 3 3 3 5 5 11 1 1 1 1
Case #427: 35 3 5 1 1 1 1 1 1 1 1 1 1 1 1 1 1 1 1 1 1 1 1 1 1 1 1 1 1 1 1 1 1 1 1 1
Case #428: -1
Case #429: 13 2 2 2 2 2 2 2 2 3 7 13 1 1
Case #430: 23 2 2 3 5 11 1 1 1 1 1 1 1 1 1 1 1 1 1 1 1 1 1 1
Case #431: -1
Case #432: 15 2 2 2 2 3 3 3 3 5 5 7 1 1 1 1
Case #433: 22 2 2 2 2 2 2 2 2 2 3 5 5 1 1 1 1 1 1 1 1 1 1
Case #434: 14 2 2 2 2 2 3 3 3 5 7 7 1 1 1
Case #435: 33 2 2 2 2 2 2 3 1 1 1 1 1 1 1 1 1 1 1 1 1 1 1 1 1 1 1 1 1 1 1 1 1 1
Case #436: 12 2 2 2 2 2 3 5 7 13 1 1 1
Case #437: 32 2 2 2 3 3 3 1 1 1 1 1 1 1 1 1 1 1 1 1 1 1 1 1 1 1 1 1 1 1 1 1 1
Case #438: 14 2 2 2 2 2 3 5 7 11 1 1 1 1 1
Case #439: 14 2 3 3 3 5 5 7 7 1 1 1 1 1 1
Case #440: 19 2 2 3 3 5 5 5 5 1 1 1 1 1 1 1 1 1 1 1
Case #441: 10 2 2 2 2 2 3 7 19 1 1
Case #442: 15 2 2 3 3 3 3 3 3 5 5 5 1 1 1 1
Case #443: 15 2 2 2 2 2 2 2 2 3 5 13 1 1 1 1
Case #444: -1
Case #445: 29 2 2 2 2 2 2 7 1 1 1 1 1 1 1 1 1 1 1 1 1 1 1 1 1 1 1 1 1 1
Case #446: -1
Case #447: 33 2 2 3 5 1 1 1 1 1 1 1 1 1 1 1 1 1 1 1 1 1 1 1 1 1 1 1 1 1 1 1 1 1
Case #448: -1
Case #449: 22 2 2 2 2 2 2 2 3 5 7 1 1 1 1 1 1 1 1 1 1 1 1
Case #450: 17 2 2 2 2 3 3 3 3 3 3 3 3 5 1 1 1 1
Case #451: 16 2 2 2 3 3 3 5 5 5 5 1 1 1 1 1 1
Case #452: -1
Case #453: 19 2 2 2 2 2 2 2 2 2 2 2 2 3 5 5 1 1 1 1
Case #454: 29 5 5 5 1 1 1 1 1 1 1 1 1 1 1 1 1 1 1 1 1 1 1 1 1 1 1 1 1 1
Case #455: 32 2 2 2 2 2 3 3 1 1 1 1 1 1 1 1 1 1 1 1 1 1 1 1 1 1 1 1 1 1 1 1 1
Case #456: 22 2 2 2 2 2 2 2 5 5 5 1 1 1 1 1 1 1 1 1 1 1 1
Case #457: 16 2 2 2 2 2 2 2 3 3 3 3 5 7 1 1 1
Case #458: 16 2 2 2 3 3 3 3 3 3 5 7 1 1 1 1 1
Case #459: -1
Case #460: 34 2 3 5 1 1 1 1 1 1 1 1 1 1 1 1 1 1 1 1 1 1 1 1 1 1 1 1 1 1 1 1 1 1 1
Case #461: 23 2 2 2 2 2 2 2 2 3 3 7 1 1 1 1 1 1 1 1 1 1 1 1
Case #462: -1
Case #463: 31 11 1 1 1 1 1 1 1 1 1 1 1 1 1 1 1 1 1 1 1 1 1 1 1 1 1 1 1 1 1 1
Case #464: 18 2 3 3 3 5 5 5 5 1 1 1 1 1 1 1 1 1 1
Case #465: 29 7 7 1 1 1 1 1 1 1 1 1 1 1 1 1 1 1 1 1 1 1 1 1 1 1 1 1 1 1
Case #466: 17 2 2 3 3 3 3 3 7 7 1 1 1 1 1 1 1 1
Case #467: -1
Case #468: 24 2 2 2 2 2 3 11 1 1 1 1 1 1 1 1 1 1 1 1 1 1 1 1 1
Case #469: 14 2 2 2 2 2 2 2 3 3 7 11 1 1 1
Case #470: 19 2 2 3 3 3 5 11 1 1 1 1 1 1 1 1 1 1 1 1
Case #471: 27 2 2 2 2 2 2 5 5 1 1 1 1 1 1 1 1 1 1 1 1 1 1 1 1 1 1 1
Case #472: 29 13 1 1 1 1 1 1 1 1 1 1 1 1 1 1 1 1 1 1 1 1 1 1 1 1 1 1 1 1
Case #473: 14 2 2 2 2 2 2 2 2 2 3 7 11 1 1
Case #474: 31 3 3 7 1 1 1 1 1 1 1 1 1 1 1 1 1 1 1 1 1 1 1 1 1 1 1 1 1 1 1 1
Case #475: -1
Case #476: 22 2 2 2 2 2 2 2 3 3 3 3 5 1 1 1 1 1 1 1 1 1 1
Case #477: 26 2 2 2 2 2 2 2 2 2 3 5 1 1 1 1 1 1 1 1 1 1 1 1 1 1 1
Case #478: 24 2 2 2 2 2 2 2 3 3 3 3 3 1 1 1 1 1 1 1 1 1 1 1 1
Case #479: 28 2 2 2 2 2 2 2 3 3 3 1 1 1 1 1 1 1 1 1 1 1 1 1 1 1 1 1 1
Case #480: 14 2 2 2 3 3 5 5 13 1 1 1 1 1 1
Case #481: 21 2 2 2 2 3 3 5 5 5 1 1 1 1 1 1 1 1 1 1 1 1
Case #482: -1
Case #483: 19 2 2 2 2 2 2 2 2 2 2 5 5 5 1 1 1 1 1 1
Case #484: 21 2 2 2 2 2 2 2 2 3 11 1 1 1 1 1 1 1 1 1 1 1
Case #485: -1
Case #486: 15 2 2 2 2 2 2 2 2 3 3 5 11 1 1 1
Case #487: 29 3 3 3 3 5 1 1 1 1 1 1 1 1 1 1 1 1 1 1 1 1 1 1 1 1 1 1 1 1
Case #488: 18 2 2 2 3 3 3 3 5 5 5 1 1 1 1 1 1 1 1
Case #489: 16 2 2 2 2 2 2 2 3 3 3 5 5 5 1 1 1
Case #490: 23 2 2 3 3 3 5 7 1 1 1 1 1 1 1 1 1 1 1 1 1 1 1 1
Case #491: 15 2 2 2 2 2 2 2 2 3 5 5 5 5 1 1
Case #492: -1
Case #493: 20 2 2 2 2 2 3 5 11 1 1 1 1 1 1 1 1 1 1 1 1
Case #494: 17 2 2 3 3 3 3 5 5 7 1 1 1 1 1 1 1 1
Case #495: 17 2 2 2 2 2 2 3 3 3 3 5 7 1 1 1 1 1
Case #496: 39 2 2 1 1 1 1 1 1 1 1 1 1 1 1 1 1 1 1 1 1 1 1 1 1 1 1 1 1 1 1 1 1 1 1 1 1 1 1 1
Case #497: 23 19 1 1 1 1 1 1 1 1 1 1 1 1 1 1 1 1 1 1 1 1 1 1
Case #498: 28 2 2 2 2 2 2 2 3 5 1 1 1 1 1 1 1 1 1 1 1 1 1 1 1 1 1 1 1
Case #499: 20 2 2 2 3 3 3 5 5 5 1 1 1 1 1 1 1 1 1 1 1
Case #500: -1
Case #501: 18 2 2 2 2 2 3 3 3 13 1 1 1 1 1 1 1 1 1
Case #502: 11 2 2 2 2 3 3 7 17 1 1 1
Case #503: -1
Case #504: -1
Case #505: 7 17 19 1 1 1 1 1
Case #506: -1
Case #507: -1
Case #508: 37 2 2 2 2 1 1 1 1 1 1 1 1 1 1 1 1 1 1 1 1 1 1 1 1 1 1 1 1 1 1 1 1 1 1 1 1 1
Case #509: 19 2 2 2 2 2 2 5 7 7 1 1 1 1 1 1 1 1 1 1
Case #510: -1
Case #511: 10 2 3 3 5 7 17 1 1 1 1
Case #512: -1
Case #513: -1
Case #514: 12 2 2 2 2 2 3 5 5 5 11 1 1
Case #515: 25 5 13 1 1 1 1 1 1 1 1 1 1 1 1 1 1 1 1 1 1 1 1 1 1 1
Case #516: 17 2 2 2 2 2 2 7 13 1 1 1 1 1 1 1 1 1
Case #517: 18 2 3 3 3 7 11 1 1 1 1 1 1 1 1 1 1 1 1
Case #518: 20 2 2 2 2 2 3 3 3 3 3 3 3 3 1 1 1 1 1 1 1
Case #519: 19 2 2 2 2 2 2 2 2 3 3 3 3 3 5 1 1 1 1 1
Case #520: 12 2 3 3 3 5 5 5 5 7 1 1 1
Case #521: 16 2 2 2 2 2 3 3 3 3 3 11 1 1 1 1 1
Case #522: 16 2 2 2 3 3 5 5 5 7 1 1 1 1 1 1 1
Case #523: 26 2 2 2 2 2 2 2 3 7 1 1 1 1 1 1 1 1 1 1 1 1 1 1 1 1 1
Case #524: 15 2 2 2 2 3 3 3 3 3 3 5 7 1 1 1
Case #525: 25 2 2 5 5 7 1 1 1 1 1 1 1 1 1 1 1 1 1 1 1 1 1 1 1 1
Case #526: 20 2 2 2 2 2 2 2 2 2 3 3 3 3 5 1 1 1 1 1 1
Case #527: 22 2 2 2 2 2 2 2 3 3 3 3 3 3 1 1 1 1 1 1 1 1 1
Case #528: -1
Case #529: -1
Case #530: -1
Case #531: -1
Case #532: 26 2 2 2 13 1 1 1 1 1 1 1 1 1 1 1 1 1 1 1 1 1 1 1 1 1 1
Case #533: 11 2 2 2 2 2 2 3 5 19 1 1
Case #534: 23 2 2 2 2 2 2 2 2 2 2 3 3 3 3 1 1 1 1 1 1 1 1 1
Case #535: 19 2 2 2 2 3 3 3 3 3 5 5 1 1 1 1 1 1 1 1
Case #536: 25 7 11 1 1 1 1 1 1 1 1 1 1 1 1 1 1 1 1 1 1 1 1 1 1 1
Case #537: 13 29 1 1 1 1 1 1 1 1 1 1 1 1
Case #538: 22 2 2 2 2 2 2 2 2 2 2 2 3 3 3 3 1 1 1 1 1 1 1
Case #539: 12 2 3 3 3 3 3 3 5 13 1 1 1
Case #540: -1
Case #541: 14 2 2 2 2 2 5 7 13 1 1 1 1 1 1
Case #542: 20 2 2 2 2 2 2 2 2 2 2 2 2 2 2 2 3 5 1 1 1
Case #543: 20 2 2 2 3 3 3 3 3 3 7 1 1 1 1 1 1 1 1 1 1
Case #544: 16 2 2 2 3 3 5 5 11 1 1 1 1 1 1 1 1
Case #545: -1
Case #546: -1
Case #547: 28 2 2 2 11 1 1 1 1 1 1 1 1 1 1 1 1 1 1 1 1 1 1 1 1 1 1 1 1
Case #548: -1
Case #549: 10 2 3 3 3 5 11 11 1 1 1
Case #550: 27 2 2 2 2 2 2 3 3 3 3 1 1 1 1 1 1 1 1 1 1 1 1 1 1 1 1 1
Case #551: -1
Case #552: 16 2 2 2 2 2 3 3 3 3 3 3 5 5 1 1 1
Case #553: 17 2 2 2 2 2 2 3 3 5 5 7 1 1 1 1 1 1
Case #554: 19 2 2 2 2 3 3 3 3 5 7 1 1 1 1 1 1 1 1 1
Case #555: 34 2 2 2 3 3 1 1 1 1 1 1 1 1 1 1 1 1 1 1 1 1 1 1 1 1 1 1 1 1 1 1 1 1 1
Case #556: 26 2 2 2 2 2 2 2 2 2 2 2 2 2 2 2 1 1 1 1 1 1 1 1 1 1 1
Case #557: 17 2 2 2 2 2 2 3 5 7 7 1 1 1 1 1 1 1
Case #558: 31 2 2 2 2 2 2 5 1 1 1 1 1 1 1 1 1 1 1 1 1 1 1 1 1 1 1 1 1 1 1 1
Case #559: 25 2 2 2 2 2 2 2 2 2 2 2 2 3 3 1 1 1 1 1 1 1 1 1 1 1
Case #560: 20 2 3 7 13 1 1 1 1 1 1 1 1 1 1 1 1 1 1 1 1
Case #561: 25 2 2 2 2 5 5 5 1 1 1 1 1 1 1 1 1 1 1 1 1 1 1 1 1 1
Case #562: 18 2 2 2 2 2 2 2 2 2 2 2 3 3 5 5 1 1 1
Case #563: 13 2 2 2 2 3 5 7 13 1 1 1 1 1
Case #564: 18 2 2 2 2 2 3 3 3 3 3 3 7 1 1 1 1 1 1
Case #565: -1
Case #566: -1
Case #567: 26 2 2 2 2 2 2 2 2 2 2 2 5 1 1 1 1 1 1 1 1 1 1 1 1 1 1
Case #568: 19 2 2 3 3 3 3 3 5 7 1 1 1 1 1 1 1 1 1 1
Case #569: 14 2 2 2 2 2 3 5 5 13 1 1 1 1 1
Case #570: 19 2 2 2 2 2 2 2 2 2 2 3 11 1 1 1 1 1 1 1
Case #571: 34 2 3 3 3 1 1 1 1 1 1 1 1 1 1 1 1 1 1 1 1 1 1 1 1 1 1 1 1 1 1 1 1 1 1
Case #572: 16 2 2 2 2 2 2 2 3 3 3 7 7 1 1 1 1
Case #573: 16 2 2 2 2 2 3 3 3 3 7 7 1 1 1 1 1
Case #574: 14 2 2 2 2 2 3 3 5 5 11 1 1 1 1
Case #575: 19 3 3 3 3 3 3 3 3 3 5 1 1 1 1 1 1 1 1 1
Case #576: 16 2 2 2 5 5 5 11 1 1 1 1 1 1 1 1 1
Case #577: 21 2 2 2 2 3 3 3 3 3 3 5 1 1 1 1 1 1 1 1 1 1
Case #578: 16 2 2 2 2 2 2 2 5 5 5 7 1 1 1 1 1
Case #579: 31 2 2 2 2 7 1 1 1 1 1 1 1 1 1 1 1 1 1 1 1 1 1 1 1 1 1 1 1 1 1 1
Case #580: 40 2 1 1 1 1 1 1 1 1 1 1 1 1 1 1 1 1 1 1 1 1 1 1 1 1 1 1 1 1 1 1 1 1 1 1 1 1 1 1 1
Case #581: 17 2 2 3 3 3 3 3 3 5 7 1 1 1 1 1 1 1
Case #582: 18 2 2 2 2 2 5 5 5 7 1 1 1 1 1 1 1 1 1
Case #583: 29 2 2 2 2 2 2 2 2 2 2 3 1 1 1 1 1 1 1 1 1 1 1 1 1 1 1 1 1 1
Case #584: 17 2 2 2 2 5 5 13 1 1 1 1 1 1 1 1 1 1
Case #585: 18 2 2 2 5 5 13 1 1 1 1 1 1 1 1 1 1 1 1
Case #586: -1
Case #587: -1
Case #588: -1
Case #589: 13 2 2 2 2 2 2 5 7 13 1 1 1 1
Case #590: 24 2 2 2 2 2 2 2 2 2 2 2 3 3 3 1 1 1 1 1 1 1 1 1 1
Case #591: 18 2 2 2 2 2 3 3 3 3 11 1 1 1 1 1 1 1 1
Case #592: 17 2 2 2 2 2 2 3 5 5 5 5 1 1 1 1 1 1
Case #593: 33 3 3 5 1 1 1 1 1 1 1 1 1 1 1 1 1 1 1 1 1 1 1 1 1 1 1 1 1 1 1 1 1 1
Case #594: 24 2 2 2 2 2 2 2 2 2 3 3 3 3 1 1 1 1 1 1 1 1 1 1 1
Case #595: 27 2 2 2 2 3 3 7 1 1 1 1 1 1 1 1 1 1 1 1 1 1 1 1 1 1 1 1
Case #596: 16 2 2 2 2 2 2 2 3 5 7 7 1 1 1 1 1
Case #597: 13 2 2 5 5 7 13 1 1 1 1 1 1 1
Case #598: 6 2 17 19 1 1 1
Case #599: 14 2 2 2 3 3 3 3 7 11 1 1 1 1 1
Case #600: 23 2 2 2 2 2 2 3 3 3 7 1 1 1 1 1 1 1 1 1 1 1 1 1
Case #601: 24 2 2 2 2 2 2 2 3 3 7 1 1 1 1 1 1 1 1 1 1 1 1 1 1
Case #602: 18 2 2 2 2 2 2 2 3 3 3 3 5 5 1 1 1 1 1
Case #603: 20 2 2 2 2 2 3 3 7 7 1 1 1 1 1 1 1 1 1 1 1
Case #604: 10 2 2 2 2 2 3 13 13 1 1
Case #605: 20 2 3 3 3 3 3 3 3 3 5 1 1 1 1 1 1 1 1 1 1
Case #606: 36 2 3 3 1 1 1 1 1 1 1 1 1 1 1 1 1 1 1 1 1 1 1 1 1 1 1 1 1 1 1 1 1 1 1 1 1
Case #607: -1
Case #608: 22 2 2 2 2 2 2 2 2 2 2 2 2 2 3 5 1 1 1 1 1 1 1
Case #609: 18 2 2 2 3 3 5 5 5 5 1 1 1 1 1 1 1 1 1
Case #610: 16 2 3 5 7 13 1 1 1 1 1 1 1 1 1 1 1
Case #611: -1
Case #612: 20 2 2 2 2 2 3 3 3 11 1 1 1 1 1 1 1 1 1 1 1
Case #613: 18 2 2 2 2 2 2 2 2 2 2 2 5 5 5 1 1 1 1
Case #614: 14 2 2 2 2 2 2 2 3 19 1 1 1 1 1
Case #615: 32 2 2 2 7 1 1 1 1 1 1 1 1 1 1 1 1 1 1 1 1 1 1 1 1 1 1 1 1 1 1 1 1
Case #616: 35 7 1 1 1 1 1 1 1 1 1 1 1 1 1 1 1 1 1 1 1 1 1 1 1 1 1 1 1 1 1 1 1 1 1 1
Case #617: -1
Case #618: -1
Case #619: 14 2 2 2 2 2 3 3 3 5 13 1 1 1 1
Case #620: 41 1 1 1 1 1 1 1 1 1 1 1 1 1 1 1 1 1 1 1 1 1 1 1 1 1 1 1 1 1 1 1 1 1 1 1 1 1 1 1 1 1
Case #621: -1
Case #622: 11 2 2 2 2 3 3 5 19 1 1 1
Case #623: 21 2 2 2 2 2 2 3 7 7 1 1 1 1 1 1 1 1 1 1 1 1
Case #624: 20 2 3 3 3 5 5 7 1 1 1 1 1 1 1 1 1 1 1 1 1
Case #625: 17 2 2 2 2 3 3 3 5 5 7 1 1 1 1 1 1 1
Case #626: 21 2 2 3 3 3 3 3 5 5 1 1 1 1 1 1 1 1 1 1 1 1
Case #627: 36 2 2 2 3 1 1 1 1 1 1 1 1 1 1 1 1 1 1 1 1 1 1 1 1 1 1 1 1 1 1 1 1 1 1 1 1
Case #628: 19 2 2 2 2 2 2 2 2 3 3 3 5 5 1 1 1 1 1 1
Case #629: 22 2 3 3 3 3 3 5 5 1 1 1 1 1 1 1 1 1 1 1 1 1 1
Case #630: 16 2 2 2 3 3 3 3 5 11 1 1 1 1 1 1 1
Case #631: 21 2 2 2 2 2 2 2 2 2 2 3 5 5 1 1 1 1 1 1 1 1
Case #632: -1
Case #633: 20 2 2 2 3 3 3 3 3 3 3 5 1 1 1 1 1 1 1 1 1
Case #634: -1
Case #635: -1
Case #636: 9 2 2 2 2 3 11 17 1 1
Case #637: 18 2 2 2 3 3 3 3 3 3 3 3 3 3 1 1 1 1 1
Case #638: 31 2 2 2 2 2 2 2 2 3 1 1 1 1 1 1 1 1 1 1 1 1 1 1 1 1 1 1 1 1 1 1
Case #639: 15 2 2 2 2 3 3 5 5 11 1 1 1 1 1 1
Case #640: 20 2 2 2 2 2 2 2 2 2 3 5 7 1 1 1 1 1 1 1 1
Case #641: 15 2 2 2 2 2 2 2 2 5 5 11 1 1 1 1
Case #642: -1
Case #643: 23 2 2 2 2 3 3 3 3 3 5 1 1 1 1 1 1 1 1 1 1 1 1 1
Case #644: 25 2 2 2 2 2 2 2 2 2 2 2 2 2 2 2 2 1 1 1 1 1 1 1 1 1
Case #645: -1
Case #646: 24 2 2 2 2 2 3 3 3 3 3 3 1 1 1 1 1 1 1 1 1 1 1 1 1
Case #647: 20 2 2 2 3 3 3 3 11 1 1 1 1 1 1 1 1 1 1 1 1
Case #648: 15 2 2 3 3 3 3 3 3 3 11 1 1 1 1 1
Case #649: 17 2 2 3 3 3 5 7 7 1 1 1 1 1 1 1 1 1
Case #650: 21 2 2 2 2 2 2 2 2 3 3 3 7 1 1 1 1 1 1 1 1 1
Case #651: 8 2 2 2 3 29 1 1 1
Case #652: 23 2 2 2 2 2 2 2 2 2 2 2 2 3 3 3 1 1 1 1 1 1 1 1
Case #653: -1
Case #654: 13 2 2 3 3 3 5 5 13 1 1 1 1 1
Case #655: 20 2 3 3 5 7 7 1 1 1 1 1 1 1 1 1 1 1 1 1 1
Case #656: 10 2 2 2 3 5 7 7 11 1 1
Case #657: 22 2 3 3 3 3 3 3 3 5 1 1 1 1 1 1 1 1 1 1 1 1 1
Case #658: 20 2 2 2 3 7 11 1 1 1 1 1 1 1 1 1 1 1 1 1 1
Case #659: 21 2 2 2 2 2 2 3 3 3 5 5 1 1 1 1 1 1 1 1 1 1
Case #660: -1
Case #661: 11 2 2 29 1 1 1 1 1 1 1 1
Case #662: 12 2 2 2 2 2 3 3 11 11 1 1 1
Case #663: 18 2 2 2 2 2 2 2 2 2 3 3 3 5 5 1 1 1 1
Case #664: 14 2 2 2 2 2 5 7 7 7 1 1 1 1 1
Case #665: -1
Case #666: -1
Case #667: 22 2 2 2 2 2 3 5 5 5 1 1 1 1 1 1 1 1 1 1 1 1 1
Case #668: -1
Case #669: 16 2 2 2 3 3 3 5 13 1 1 1 1 1 1 1 1
Case #670: -1
Case #671: 20 2 2 2 2 2 2 2 2 2 2 2 2 2 3 7 1 1 1 1 1
Case #672: -1
Case #673: -1
Case #674: 25 2 2 2 2 2 2 3 5 5 1 1 1 1 1 1 1 1 1 1 1 1 1 1 1 1
Case #675: 22 2 2 2 2 2 2 2 3 3 5 5 1 1 1 1 1 1 1 1 1 1 1
Case #676: 26 2 2 2 2 2 3 3 3 3 3 1 1 1 1 1 1 1 1 1 1 1 1 1 1 1 1
Case #677: 17 2 2 3 3 5 5 11 1 1 1 1 1 1 1 1 1 1
Case #678: 25 2 2 3 3 11 1 1 1 1 1 1 1 1 1 1 1 1 1 1 1 1 1 1 1 1
Case #679: -1
Case #680: 17 2 2 2 2 3 3 3 3 3 3 3 7 1 1 1 1 1
Case #681: 24 2 2 2 2 2 3 3 3 3 5 1 1 1 1 1 1 1 1 1 1 1 1 1 1
Case #682: 11 31 1 1 1 1 1 1 1 1 1 1
Case #683: -1
Case #684: 18 2 2 2 3 3 3 3 3 3 3 3 5 1 1 1 1 1 1
Case #685: 20 2 2 2 3 3 3 3 3 5 5 1 1 1 1 1 1 1 1 1 1
Case #686: 10 2 2 2 3 11 17 1 1 1 1
Case #687: 25 2 2 3 3 3 3 7 1 1 1 1 1 1 1 1 1 1 1 1 1 1 1 1 1 1
Case #688: 21 2 2 2 2 2 2 2 2 7 7 1 1 1 1 1 1 1 1 1 1 1
Case #689: 16 2 2 2 3 3 3 3 3 5 5 5 1 1 1 1 1
Case #690: 19 2 2 2 2 2 2 3 3 3 3 5 5 1 1 1 1 1 1 1
Case #691: 17 2 2 3 3 3 3 3 3 11 1 1 1 1 1 1 1 1
Case #692: 13 2 2 5 5 7 7 7 1 1 1 1 1 1
Case #693: 21 2 2 2 2 2 2 3 3 3 3 3 3 3 1 1 1 1 1 1 1 1
Case #694: 16 2 2 2 3 5 7 11 1 1 1 1 1 1 1 1 1
Case #695: 15 2 2 3 3 5 7 11 1 1 1 1 1 1 1 1
Case #696: 13 2 2 3 3 3 5 17 1 1 1 1 1 1
Case #697: 27 2 2 13 1 1 1 1 1 1 1 1 1 1 1 1 1 1 1 1 1 1 1 1 1 1 1 1
Case #698: 19 2 2 2 2 3 3 3 3 3 3 3 3 3 1 1 1 1 1 1
Case #699: 18 2 2 2 2 2 2 2 3 3 3 11 1 1 1 1 1 1 1
Case #700: 26 2 5 11 1 1 1 1 1 1 1 1 1 1 1 1 1 1 1 1 1 1 1 1 1 1 1
Case #701: 21 2 2 2 2 2 2 3 3 5 7 1 1 1 1 1 1 1 1 1 1 1
Case #702: 19 2 2 2 2 2 2 3 3 3 11 1 1 1 1 1 1 1 1 1
Case #703: 13 2 2 2 2 3 3 5 17 1 1 1 1 1
Case #704: 13 2 2 2 2 3 3 3 3 5 13 1 1 1
Case #705: -1
Case #706: 12 2 2 2 3 3 5 7 7 7 1 1 1
Case #707: -1
Case #708: 20 2 2 2 2 2 2 2 2 2 2 2 2 2 3 3 5 1 1 1 1
Case #709: 17 2 2 3 3 7 7 7 1 1 1 1 1 1 1 1 1 1
Case #710: 35 2 2 2 2 3 1 1 1 1 1 1 1 1 1 1 1 1 1 1 1 1 1 1 1 1 1 1 1 1 1 1 1 1 1 1
Case #711: 15 2 2 2 2 2 2 5 5 5 5 5 1 1 1 1
Case #712: 13 2 2 2 2 2 2 3 3 7 13 1 1 1
Case #713: 31 3 5 5 1 1 1 1 1 1 1 1 1 1 1 1 1 1 1 1 1 1 1 1 1 1 1 1 1 1 1 1
Case #714: 33 2 2 3 3 3 1 1 1 1 1 1 1 1 1 1 1 1 1 1 1 1 1 1 1 1 1 1 1 1 1 1 1 1
Case #715: 19 2 2 2 2 2 2 2 2 3 5 5 5 1 1 1 1 1 1 1
Case #716: 21 2 2 2 2 3 3 3 3 5 5 1 1 1 1 1 1 1 1 1 1 1
Case #717: 30 2 2 2 2 2 2 2 5 1 1 1 1 1 1 1 1 1 1 1 1 1 1 1 1 1 1 1 1 1 1
Case #718: -1
Case #719: 16 2 2 2 3 3 3 3 3 3 3 3 3 5 1 1 1
Case #720: 26 2 2 2 2 2 2 2 3 3 3 3 1 1 1 1 1 1 1 1 1 1 1 1 1 1 1
Case #721: 23 2 2 3 5 5 7 1 1 1 1 1 1 1 1 1 1 1 1 1 1 1 1 1
Case #722: 17 2 2 2 2 3 3 3 3 3 3 5 5 1 1 1 1 1
Case #723: 34 2 2 2 2 2 3 1 1 1 1 1 1 1 1 1 1 1 1 1 1 1 1 1 1 1 1 1 1 1 1 1 1 1 1
Case #724: 14 2 2 2 2 2 3 3 3 7 11 1 1 1 1
Case #725: 17 2 2 3 3 3 3 3 3 3 3 3 5 1 1 1 1 1
Case #726: 21 2 2 3 3 3 3 5 7 1 1 1 1 1 1 1 1 1 1 1 1 1
Case #727: 12 2 3 3 3 3 3 5 5 11 1 1 1
Case #728: -1
Case #729: 21 2 2 2 2 2 2 2 2 2 2 2 2 2 2 2 2 2 2 2 2 1
Case #730: 22 2 2 2 3 3 3 3 3 3 3 3 1 1 1 1 1 1 1 1 1 1 1
Case #731: 19 7 17 1 1 1 1 1 1 1 1 1 1 1 1 1 1 1 1 1
Case #732: 15 2 2 2 2 7 17 1 1 1 1 1 1 1 1 1
Case #733: 22 2 2 2 3 3 3 3 3 3 5 1 1 1 1 1 1 1 1 1 1 1 1
Case #734: 35 2 2 5 1 1 1 1 1 1 1 1 1 1 1 1 1 1 1 1 1 1 1 1 1 1 1 1 1 1 1 1 1 1 1 1
Case #735: 13 2 2 3 3 5 7 13 1 1 1 1 1 1
Case #736: -1
Case #737: 18 2 3 5 7 11 1 1 1 1 1 1 1 1 1 1 1 1 1
Case #738: 18 2 2 2 2 2 3 3 5 5 7 1 1 1 1 1 1 1 1
Case #739: 22 2 2 2 3 3 3 3 5 5 1 1 1 1 1 1 1 1 1 1 1 1 1
Case #740: 11 2 2 2 2 3 3 23 1 1 1 1
Case #741: 26 2 2 2 2 2 2 2 2 2 2 2 3 3 1 1 1 1 1 1 1 1 1 1 1 1 1
Case #742: 25 2 2 2 2 2 2 2 2 5 5 1 1 1 1 1 1 1 1 1 1 1 1 1 1 1
Case #743: 28 2 2 2 2 2 2 2 2 2 2 2 3 1 1 1 1 1 1 1 1 1 1 1 1 1 1 1 1
Case #744: 19 2 2 2 2 2 2 2 2 2 2 2 2 3 3 3 5 1 1 1
Case #745: 14 2 2 2 5 5 5 7 7 1 1 1 1 1 1
Case #746: 28 2 7 7 1 1 1 1 1 1 1 1 1 1 1 1 1 1 1 1 1 1 1 1 1 1 1 1 1
Case #747: -1
Case #748: 20 2 2 2 2 2 2 2 3 3 3 3 7 1 1 1 1 1 1 1 1
Case #749: 15 2 2 2 2 2 2 3 5 5 5 7 1 1 1 1
Case #750: 24 2 2 2 3 3 11 1 1 1 1 1 1 1 1 1 1 1 1 1 1 1 1 1 1
Case #751: 24 2 2 2 2 2 2 2 3 5 5 1 1 1 1 1 1 1 1 1 1 1 1 1 1
Case #752: -1
Case #753: 18 2 2 2 2 2 3 3 3 5 5 5 1 1 1 1 1 1 1
Case #754: 18 2 2 2 2 2 3 3 5 11 1 1 1 1 1 1 1 1 1
Case #755: 27 3 3 3 3 3 5 1 1 1 1 1 1 1 1 1 1 1 1 1 1 1 1 1 1 1 1 1
Case #756: 21 2 2 2 2 2 2 2 2 2 2 3 3 3 3 3 1 1 1 1 1 1
Case #757: 18 2 2 2 2 2 2 2 3 3 3 3 3 3 5 1 1 1 1
Case #758: 17 2 2 2 2 2 2 2 2 3 3 7 7 1 1 1 1 1
Case #759: 21 2 2 3 3 3 5 5 5 1 1 1 1 1 1 1 1 1 1 1 1 1
Case #760: 17 2 2 2 2 2 2 2 2 2 2 2 2 3 5 7 1 1
Case #761: -1
Case #762: 23 2 2 2 2 2 2 2 2 5 7 1 1 1 1 1 1 1 1 1 1 1 1 1
Case #763: -1
Case #764: 17 2 2 2 2 3 7 7 7 1 1 1 1 1 1 1 1 1
Case #765: 20 2 2 2 2 2 2 2 2 2 3 3 3 7 1 1 1 1 1 1 1
Case #766: 7 5 7 7 19 1 1 1
Case #767: 34 2 2 2 5 1 1 1 1 1 1 1 1 1 1 1 1 1 1 1 1 1 1 1 1 1 1 1 1 1 1 1 1 1 1
Case #768: 16 2 2 2 2 2 3 3 17 1 1 1 1 1 1 1 1
Case #769: 17 2 2 2 2 2 2 3 17 1 1 1 1 1 1 1 1 1
Case #770: 20 2 2 2 2 2 5 5 5 5 1 1 1 1 1 1 1 1 1 1 1
Case #771: 21 3 3 3 5 5 7 1 1 1 1 1 1 1 1 1 1 1 1 1 1 1
Case #772: 17 2 2 3 3 3 17 1 1 1 1 1 1 1 1 1 1 1
Case #773: 15 2 2 3 3 3 5 5 11 1 1 1 1 1 1 1
Case #774: 10 2 3 3 5 5 19 1 1 1 1
Case #775: 32 2 3 7 1 1 1 1 1 1 1 1 1 1 1 1 1 1 1 1 1 1 1 1 1 1 1 1 1 1 1 1 1
Case #776: 16 2 2 2 2 2 2 2 2 2 2 2 3 7 7 1 1
Case #777: 28 2 3 11 1 1 1 1 1 1 1 1 1 1 1 1 1 1 1 1 1 1 1 1 1 1 1 1 1
Case #778: 16 2 3 3 5 17 1 1 1 1 1 1 1 1 1 1 1
Case #779: 16 2 2 2 2 2 2 2 3 3 5 5 7 1 1 1 1
Case #780: 20 2 2 2 2 2 3 3 3 3 5 5 1 1 1 1 1 1 1 1 1
Case #781: 16 2 2 2 2 2 3 3 5 7 7 1 1 1 1 1 1
Case #782: 22 2 2 2 2 2 2 2 2 2 2 2 2 2 2 2 2 2 3 1 1 1 1
Case #783: 3 5 17 19
Case #784: 27 3 3 3 3 7 1 1 1 1 1 1 1 1 1 1 1 1 1 1 1 1 1 1 1 1 1 1
Case #785: 15 2 2 2 2 3 3 3 3 5 11 1 1 1 1 1
Case #786: -1
Case #787: 26 2 2 2 3 3 5 5 1 1 1 1 1 1 1 1 1 1 1 1 1 1 1 1 1 1 1
Case #788: 24 2 3 3 3 5 7 1 1 1 1 1 1 1 1 1 1 1 1 1 1 1 1 1 1
Case #789: 31 2 2 2 2 2 2 3 3 1 1 1 1 1 1 1 1 1 1 1 1 1 1 1 1 1 1 1 1 1 1 1
Case #790: 18 2 3 3 3 5 7 7 1 1 1 1 1 1 1 1 1 1 1
Case #791: 22 2 2 2 3 3 7 7 1 1 1 1 1 1 1 1 1 1 1 1 1 1 1
Case #792: 20 2 2 2 2 2 2 2 2 2 2 2 3 5 5 1 1 1 1 1 1
Case #793: 19 2 2 2 2 2 2 3 5 5 7 1 1 1 1 1 1 1 1 1
Case #794: 18 2 3 3 3 3 3 7 7 1 1 1 1 1 1 1 1 1 1
Case #795: -1
Case #796: -1
Case #797: 8 2 2 2 3 7 23 1 1
Case #798: 15 2 2 2 2 2 2 3 5 5 11 1 1 1 1 1
Case #799: 25 2 2 2 2 2 2 3 3 3 3 3 1 1 1 1 1 1 1 1 1 1 1 1 1 1
Case #800: 30 2 2 2 2 2 7 1 1 1 1 1 1 1 1 1 1 1 1 1 1 1 1 1 1 1 1 1 1 1 1
Case #801: 14 2 2 2 3 3 5 7 11 1 1 1 1 1 1
Case #802: -1
Case #803: -1
Case #804: 16 2 2 2 2 2 2 2 3 5 5 5 5 1 1 1 1
Case #805: 26 2 3 13 1 1 1 1 1 1 1 1 1 1 1 1 1 1 1 1 1 1 1 1 1 1 1
Case #806: 38 2 2 2 1 1 1 1 1 1 1 1 1 1 1 1 1 1 1 1 1 1 1 1 1 1 1 1 1 1 1 1 1 1 1 1 1 1 1
Case #807: 22 2 2 2 2 2 2 2 2 2 2 2 2 2 2 2 2 2 2 2 1 1 1
Case #808: 22 2 2 2 2 2 2 2 2 2 2 2 2 2 7 1 1 1 1 1 1 1 1
Case #809: -1
Case #810: -1
Case #811: 21 2 2 2 2 2 2 2 2 3 3 5 5 1 1 1 1 1 1 1 1 1
Case #812: 22 2 2 2 2 2 2 2 2 2 2 2 2 2 2 2 5 1 1 1 1 1 1
Case #813: 17 2 2 2 2 3 3 3 3 7 7 1 1 1 1 1 1 1
Case #814: 22 2 3 3 3 5 5 5 1 1 1 1 1 1 1 1 1 1 1 1 1 1 1
Case #815: 17 2 2 2 2 2 2 2 2 3 3 5 5 5 1 1 1 1
Case #816: 16 2 3 3 3 7 13 1 1 1 1 1 1 1 1 1 1
Case #817: 29 2 2 11 1 1 1 1 1 1 1 1 1 1 1 1 1 1 1 1 1 1 1 1 1 1 1 1 1 1
Case #818: 16 2 2 2 3 5 5 7 7 1 1 1 1 1 1 1 1
Case #819: 10 2 3 3 5 23 1 1 1 1 1
Case #820: 24 2 2 2 2 2 2 2 3 3 3 5 1 1 1 1 1 1 1 1 1 1 1 1 1
Case #821: 13 2 2 2 2 2 2 3 11 11 1 1 1 1
Case #822: 20 2 2 2 2 2 3 3 3 3 3 7 1 1 1 1 1 1 1 1 1
Case #823: 18 2 3 3 5 5 5 7 1 1 1 1 1 1 1 1 1 1 1
Case #824: 15 2 2 3 3 3 3 3 5 5 7 1 1 1 1 1
Case #825: 22 2 2 2 2 2 2 2 2 2 2 2 2 2 2 2 3 3 1 1 1 1 1
Case #826: -1
Case #827: -1
Case #828: -1
Case #829: 18 2 2 2 2 2 3 3 3 3 3 5 5 1 1 1 1 1 1
Case #830: -1
Case #831: 20 2 2 2 2 2 2 2 3 3 3 3 3 5 1 1 1 1 1 1 1
Case #832: 12 2 2 2 3 7 7 7 7 1 1 1 1
Case #833: 20 2 3 3 3 3 7 7 1 1 1 1 1 1 1 1 1 1 1 1 1
Case #834: -1
Case #835: 22 2 2 2 2 2 3 3 5 7 1 1 1 1 1 1 1 1 1 1 1 1 1
Case #836: 17 2 2 3 3 3 3 3 5 5 5 1 1 1 1 1 1 1
Case #837: 23 3 17 1 1 1 1 1 1 1 1 1 1 1 1 1 1 1 1 1 1 1 1 1
Case #838: 16 2 2 2 2 2 3 3 3 3 3 5 7 1 1 1 1
Case #839: -1
Case #840: 18 2 2 2 3 3 3 3 3 11 1 1 1 1 1 1 1 1 1
Case #841: 22 2 2 2 2 2 3 7 7 1 1 1 1 1 1 1 1 1 1 1 1 1 1
Case #842: 14 2 2 2 5 5 7 11 1 1 1 1 1 1 1
Case #843: 13 2 2 3 3 5 5 5 11 1 1 1 1 1
Case #844: 15 2 2 3 3 3 5 5 5 7 1 1 1 1 1 1
Case #845: -1
Case #846: 16 2 3 3 3 3 3 5 5 7 1 1 1 1 1 1 1
Case #847: 20 2 2 2 2 2 2 2 3 5 5 5 1 1 1 1 1 1 1 1 1
Case #848: 26 2 2 2 2 2 3 3 7 1 1 1 1 1 1 1 1 1 1 1 1 1 1 1 1 1 1
Case #849: 23 2 2 2 2 2 2 2 2 2 2 3 7 1 1 1 1 1 1 1 1 1 1 1
Case #850: 22 2 2 2 3 3 5 5 5 1 1 1 1 1 1 1 1 1 1 1 1 1 1
Case #851: 19 2 2 2 2 3 3 3 7 7 1 1 1 1 1 1 1 1 1 1
Case #852: 14 2 2 2 3 3 3 3 3 5 5 7 1 1 1
Case #853: 15 2 2 3 3 3 3 3 3 7 7 1 1 1 1 1
Case #854: 15 2 2 2 2 2 2 2 2 2 2 3 5 11 1 1
Case #855: 14 2 2 2 3 3 3 5 5 11 1 1 1 1 1
Case #856: 17 2 2 2 2 5 5 5 5 5 1 1 1 1 1 1 1 1
Case #857: -1
Case #858: 9 2 2 31 1 1 1 1 1 1
Case #859: 18 2 3 3 3 5 13 1 1 1 1 1 1 1 1 1 1 1 1
Case #860: 21 2 2 2 2 2 2 2 2 2 2 2 2 3 7 1 1 1 1 1 1 1
Case #861: 30 2 3 3 7 1 1 1 1 1 1 1 1 1 1 1 1 1 1 1 1 1 1 1 1 1 1 1 1 1 1
Case #862: 17 2 2 2 2 2 2 7 7 7 1 1 1 1 1 1 1 1
Case #863: 23 2 2 2 2 3 3 3 5 5 1 1 1 1 1 1 1 1 1 1 1 1 1 1
Case #864: 21 2 2 2 2 2 2 2 2 2 2 2 2 3 3 3 3 1 1 1 1 1
Case #865: 25 2 2 3 3 5 7 1 1 1 1 1 1 1 1 1 1 1 1 1 1 1 1 1 1 1
Case #866: 16 2 2 2 2 2 3 3 7 11 1 1 1 1 1 1 1
Case #867: 10 2 3 3 5 5 7 13 1 1 1
Case #868: 12 2 29 1 1 1 1 1 1 1 1 1 1
Case #869: 17 2 2 2 2 3 3 3 3 3 11 1 1 1 1 1 1 1
Case #870: 12 2 2 2 2 2 2 2 3 11 11 1 1
Case #871: -1
Case #872: 32 2 3 3 5 1 1 1 1 1 1 1 1 1 1 1 1 1 1 1 1 1 1 1 1 1 1 1 1 1 1 1 1
Case #873: -1
Case #874: 20 2 3 5 5 5 7 1 1 1 1 1 1 1 1 1 1 1 1 1 1
Case #875: 20 2 2 2 5 5 11 1 1 1 1 1 1 1 1 1 1 1 1 1 1
Case #876: 10 2 3 3 5 7 7 11 1 1 1
Case #877: 10 2 2 2 3 7 11 11 1 1 1
Case #878: 14 2 3 3 5 5 5 5 7 1 1 1 1 1 1
Case #879: 14 2 2 2 2 2 3 5 5 5 5 5 1 1 1
Case #880: 19 2 2 2 2 3 17 1 1 1 1 1 1 1 1 1 1 1 1 1
Case #881: 23 2 2 2 2 2 2 2 2 2 2 2 2 7 1 1 1 1 1 1 1 1 1 1
Case #882: 20 2 2 2 2 2 2 2 3 3 3 3 3 3 3 1 1 1 1 1 1
Case #883: 17 3 23 1 1 1 1 1 1 1 1 1 1 1 1 1 1 1
Case #884: 30 2 11 1 1 1 1 1 1 1 1 1 1 1 1 1 1 1 1 1 1 1 1 1 1 1 1 1 1 1 1
Case #885: -1
Case #886: -1
Case #887: 19 2 2 3 3 3 3 7 7 1 1 1 1 1 1 1 1 1 1 1
Case #888: 20 2 5 17 1 1 1 1 1 1 1 1 1 1 1 1 1 1 1 1 1
Case #889: 23 2 2 2 2 3 3 11 1 1 1 1 1 1 1 1 1 1 1 1 1 1 1 1
Case #890: 22 2 2 2 2 2 2 2 2 2 2 2 3 3 5 1 1 1 1 1 1 1 1
Case #891: 11 2 2 3 3 7 19 1 1 1 1 1
Case #892: 11 2 2 2 2 3 7 7 7 7 1 1
Case #893: 18 2 2 2 2 2 2 2 2 2 2 2 3 5 7 1 1 1 1
Case #894: 25 3 3 3 3 3 3 5 1 1 1 1 1 1 1 1 1 1 1 1 1 1 1 1 1 1
Case #895: 33 3 7 1 1 1 1 1 1 1 1 1 1 1 1 1 1 1 1 1 1 1 1 1 1 1 1 1 1 1 1 1 1 1
Case #896: 16 2 3 3 3 3 5 5 5 5 1 1 1 1 1 1 1
Case #897: 11 2 2 2 2 2 2 3 11 13 1 1
Case #898: 29 3 11 1 1 1 1 1 1 1 1 1 1 1 1 1 1 1 1 1 1 1 1 1 1 1 1 1 1 1
Case #899: 21 2 2 2 2 2 2 2 2 2 2 2 2 2 2 2 2 2 2 3 1 1
Case #900: 27 2 2 2 2 2 2 2 2 2 2 3 3 1 1 1 1 1 1 1 1 1 1 1 1 1 1 1
Case #901: 36 2 2 2 2 2 1 1 1 1 1 1 1 1 1 1 1 1 1 1 1 1 1 1 1 1 1 1 1 1 1 1 1 1 1 1 1
Case #902: 23 2 2 2 2 2 2 2 2 2 2 2 2 2 2 2 2 3 1 1 1 1 1 1
Case #903: 25 17 1 1 1 1 1 1 1 1 1 1 1 1 1 1 1 1 1 1 1 1 1 1 1 1
Case #904: -1
Case #905: 23 2 2 2 2 2 2 2 2 3 5 5 1 1 1 1 1 1 1 1 1 1 1 1
Case #906: 23 2 2 2 2 2 2 2 2 2 2 2 2 3 5 1 1 1 1 1 1 1 1 1
Case #907: 12 2 3 3 5 5 5 13 1 1 1 1 1
Case #908: 12 2 2 2 3 3 3 5 7 11 1 1 1
Case #909: 14 2 3 3 3 3 5 5 11 1 1 1 1 1 1
Case #910: 15 2 2 2 2 2 2 3 3 3 5 5 7 1 1 1
Case #911: 25 2 2 2 2 3 3 3 7 1 1 1 1 1 1 1 1 1 1 1 1 1 1 1 1 1
Case #912: 28 2 2 2 2 2 2 2 2 2 5 1 1 1 1 1 1 1 1 1 1 1 1 1 1 1 1 1 1
Case #913: 24 2 3 3 5 5 5 1 1 1 1 1 1 1 1 1 1 1 1 1 1 1 1 1 1
Case #914: 24 2 2 2 2 2 2 2 2 2 5 5 1 1 1 1 1 1 1 1 1 1 1 1 1
Case #915: 14 2 2 2 2 2 2 2 3 5 5 11 1 1 1
Case #916: 25 3 3 3 3 5 5 1 1 1 1 1 1 1 1 1 1 1 1 1 1 1 1 1 1 1
Case #917: 16 2 2 2 2 2 3 3 3 5 5 7 1 1 1 1 1
Case #918: 24 2 2 2 2 2 2 2 2 2 3 3 5 1 1 1 1 1 1 1 1 1 1 1 1
Case #919: 11 2 2 2 2 2 2 3 7 17 1 1
Case #920: 18 2 2 2 2 2 2 2 2 2 3 3 3 3 3 5 1 1 1
Case #921: 30 2 2 2 2 2 3 3 3 1 1 1 1 1 1 1 1 1 1 1 1 1 1 1 1 1 1 1 1 1 1
Case #922: -1
Case #923: 15 2 2 2 2 2 2 3 3 5 5 5 5 1 1 1
Case #924: 16 2 3 3 5 7 11 1 1 1 1 1 1 1 1 1 1
Case #925: 20 2 2 2 2 2 2 2 3 3 5 7 1 1 1 1 1 1 1 1 1
Case #926: 17 2 2 3 3 5 5 5 7 1 1 1 1 1 1 1 1 1
Case #927: -1
Case #928: 18 2 2 2 2 2 2 2 2 2 5 5 7 1 1 1 1 1 1
Case #929: 19 2 2 3 3 3 3 3 3 5 5 1 1 1 1 1 1 1 1 1
Case #930: 17 2 2 3 5 5 7 7 1 1 1 1 1 1 1 1 1 1
Case #931: -1
Case #932: 29 3 5 7 1 1 1 1 1 1 1 1 1 1 1 1 1 1 1 1 1 1 1 1 1 1 1 1 1 1
Case #933: 20 2 2 2 2 2 3 3 3 3 3 3 5 1 1 1 1 1 1 1 1
Case #934: 29 2 2 2 2 2 2 2 2 3 3 1 1 1 1 1 1 1 1 1 1 1 1 1 1 1 1 1 1 1
Case #935: 17 2 2 2 2 2 2 2 2 2 2 3 7 7 1 1 1 1
Case #936: 17 2 2 2 2 2 2 3 3 5 11 1 1 1 1 1 1 1
Case #937: -1
Case #938: 28 2 2 2 3 3 7 1 1 1 1 1 1 1 1 1 1 1 1 1 1 1 1 1 1 1 1 1 1
Case #939: 20 2 2 2 3 3 3 3 5 7 1 1 1 1 1 1 1 1 1 1 1
Case #940: 16 2 2 2 3 3 3 3 3 3 11 1 1 1 1 1 1
Case #941: -1
Case #942: -1
Case #943: -1
Case #944: 23 2 2 2 2 2 2 2 2 2 2 3 3 5 1 1 1 1 1 1 1 1 1 1
Case #945: 26 2 3 3 3 3 7 1 1 1 1 1 1 1 1 1 1 1 1 1 1 1 1 1 1 1 1
Case #946: 16 2 2 2 2 2 2 2 3 3 5 11 1 1 1 1 1
Case #947: 25 2 2 3 5 5 5 1 1 1 1 1 1 1 1 1 1 1 1 1 1 1 1 1 1 1
Case #948: 23 7 13 1 1 1 1 1 1 1 1 1 1 1 1 1 1 1 1 1 1 1 1 1
Case #949: 10 2 3 3 3 5 5 17 1 1 1
Case #950: 25 2 2 2 2 2 2 2 2 2 2 2 2 5 1 1 1 1 1 1 1 1 1 1 1 1
Case #951: 26 2 3 3 3 3 3 5 1 1 1 1 1 1 1 1 1 1 1 1 1 1 1 1 1 1 1
Case #952: 18 2 2 2 3 3 3 3 3 3 5 5 1 1 1 1 1 1 1
Case #953: 35 2 2 2 2 2 2 1 1 1 1 1 1 1 1 1 1 1 1 1 1 1 1 1 1 1 1 1 1 1 1 1 1 1 1 1
Case #954: 25 2 2 2 2 2 2 3 3 3 5 1 1 1 1 1 1 1 1 1 1 1 1 1 1 1
Case #955: 17 2 2 2 2 3 3 3 3 3 5 7 1 1 1 1 1 1
Case #956: 23 2 2 2 2 3 7 7 1 1 1 1 1 1 1 1 1 1 1 1 1 1 1 1
Case #957: 18 2 3 3 3 3 3 3 5 7 1 1 1 1 1 1 1 1 1
Case #958: 16 2 2 2 2 2 2 2 2 2 3 5 5 7 1 1 1
Case #959: 26 2 2 2 2 2 2 2 2 2 2 2 2 2 3 1 1 1 1 1 1 1 1 1 1 1 1
Case #960: 23 2 2 17 1 1 1 1 1 1 1 1 1 1 1 1 1 1 1 1 1 1 1 1
Case #961: -1
Case #962: 19 2 2 2 2 3 3 5 5 7 1 1 1 1 1 1 1 1 1 1
Case #963: 17 2 2 2 2 3 3 3 5 11 1 1 1 1 1 1 1 1
Case #964: 18 2 2 2 3 3 3 3 7 7 1 1 1 1 1 1 1 1 1
Case #965: -1
