965
38
9425
8087519
92400
395
2160
20592
442368
83
103680
1960
6
69120
30240
6075
926315427
85712697
34560
95
11264
111
93
20736
73
110250
375000
1249
14
37800
104976
4620
63180
38497
998506315
161280
17820
214573
1386
336000
725573
67893369
72000
14336
77760
103
42120
37440
245760
99840
5120
52920
192000
10752
53
482421315
559
6552
2156
9800
969
67584
3375
105840
101
180000
9
198450
3960
60480
44800
5304
459270
5040
19656
90720
16800
42000
8208
58800
3360
665
35280
6804
81
67500
80949857
987
24000
252000
3696
87
13824
8424
28080
546750
179200
67
30973
519
47520
74
15120
68040
16320
39936
1824
157464
257
5625
300
999999999
42105
614400
4320
18816
174960
22464
76032
62208
144000
2592
121
8320
630
32805
11664
1323
10000
70200
486000
1440
28
17424
233280
25600
44928
10
4312
95256
59
15288
17640
160
6720
8748
81920
36283838
7290
2520
3600
4480
1520
186624
362
7785
281250
75264
202500
7392
5400
912
85881
8250
105000
129024
117
113
85
5520
7056
4000
26880
54000
31590
12672
518400
282791
4050
32640
5
135
67200
38880
4560
4374
2736
118263990
5657
106
35503
1001604
13056
120
50688
961175759
134400
225792
129
306180
30030
40960
1944
5297
98304
95040
10260
2940
3000
33401221
21000
457481
57
2720
230400
6840
147456
132300
29952
8000
1764
3157819
18480
42336
49392
2097152
4032
361
84000
100696425
30720
1000000000
1701
118800
47473
29484
5616
46
900
14688
94
221184
2431
21383
12870
49280
79
74880
33696
32256
405000
4680
42755209
43740
5721
34
99
56448
1512
86
235200
55
3564
107520
813
131220
5346
162000
1001
8624
36
150000
276480
655360
25
4200
138240
41600
80
373248
5767201
34111
27
3584
24750
189
998244353
8100
81648
4160
24480
70235461
5073
5600
349920
2340
80640
270000
73728
193536
142560
2906162
70000
25490988
184320
7040
164640
32000
21600
25920
226151256
62
76
216000
24696
99000
50544
8316
124416
180
2880
193
92
34944
84480
1620
115
43
3371
420
24192
78000
699840
37
2640
13122
108864
64512
74088
810
11016
1728
79548
217728
9489
122877509
84
2376
3168
71
2400
3
59136
141120
128
35
5000
1680
14400
18720
26
7560
61740
17920
441
49152
10500
86400
54600
967669583
131
4675
145152
115200
409342369
3900
3120
7920
50
641
7500
5760
10560
1632
3888
23100
4536
5044
6300
70
8400
23115571
41580
3240
414720
468
125440
14256
17550
27216
176400
391
102
12288
127
4608
7200
672
23
540
16524
5376
57024
114688
7390
182250
6480
322560
388800
91857
324000
1100
69984
241920
5808
4752
89100
15
53940
69888
660
7025
226800
38400
211680
192
43680
216
36960
66150
22500
12768
364500
49920
7455307
448
473
60
33108
13440
524880
135000
746803744
307200
125
288
16000
362880
204120
123
30
16128
517759
11
33750
49
47628
983900459
1056
88704
5940
1600
13
118272
63
84579
51840
7680
31104
3456
23400
18000
782
128000
8448
9409159
126720
405
81000
432000
3780
480000
1817
5280
56700
181440
4
19
1920
27000
92317161
11232
17136
2707
8347
323
805306368
934
16
15680
688978813
10710
6037
8372259
132000
65
5824
4158
209952
311040
236250
85536
63000
2688
408240
700
207360
93312
432255
1671
474
281
104
18240
82944
97200
77
29
165888
94770
4943
14560
491520
40824
19800
82268566
536870912
88
938017885
32670
5184
97
583200
100800
45360
72
32768
47040
320
36864
546
2000
460800
21840
163296
8826131
957262828
10240
34020
31200
33792
54
169344
127008
79200
98415
11000
58320
112000
112
2
102060
28000
3072
5200
2600
999999998
954158175
949106497
29120
55296
28512
120000
45
41472
1008
94080
9100
646
49896
12096
8064
259200
14112
16224
65610
18
900360029
122880
45000
2730
107
9504
256000
7296
56
7
64922375
1741
56160
1
6541551
13680
9408
9450
75600
24300
24
172800
12150
35640
76800
194241
87480
109
118
8976
472392
768
39600
53760
70400
8660
19440
65536
673921
23328
7128
96228
26460
48384
696
110592
587234
35100
4410
64680
21870
1848
43200
3509575
116
34848
345600
54880
48238
2618049
12000
11085765
14040
6399199
172032
922505446
58054077
4800
28800
7776
9900
396
25002
244944
12960
31
589833267
262440
48600
4488
2268
12544
243000
129600
32076
34300
139968
9240
13860
9180
52
314928
38016
110
20160
19008
12240
84240
322081025
123480
2403381
368640
12348
48
200000
52416
75
108
96000
32400
640
131980
787320
10368
2100
291600
96
66528
393660
11340
133650
916855204
1048576
52488
119
1904
29160
20
16380
994617
2310
50400
16200
3312
18432
6400
6144
552960
49000
98
4733
72576
168000
792
9600
9827
108000
15840
1215
248832
466560
112896
13500
430080
621008
8960
4539685
16464
96768
4655
40
4896
3264
20000
4725
1836
29700
8550
42
301056
66
1530
201600
64800
70560
393216
1615
567
71280
122
1800
1890
576
13230
3528
153600
33600
23814
6765
476014
3864
52800
15552
224
27720
904152917
7389
240000
78
8
524288
57344
8015864
653477439
57600
163840
63504
6750
288000
4914
44
29400
2070
17280
23232
54432
15750
170100
294912
625433749
346742385
7897861
194400
4173641
155520
57624
7938
633
10080
121500
51
272160
1000000
21384
4704
15400
49500
94500
501
85050
48000
2016
21504
9000
21168
340200
142884
168960
59400
50000
5601
124
3510
86016
126
21952
10800
331776
1260
22176
40950
58
42768
46464
989447237
90
964532929
5250
2200
48510
20328
78750
300000
816
28672
279936
69
22
47958485
27184698
15876
170
1584
92160
4788
115248
215040
3645
21
101250
27456
33
786432
9216
32
196608
17
986129769
19200
61440
29250
83160
44550
302400
3024
2560
2250
12800
105600
2025
151200
23040
22848
622080
864
61966
360000
6930
40320
31500
981028563
89600
72900
14700
999999937
105
116640
2304
150528
31680
697106497
504
22680
64152
8772
89
71805
46080
1134
63360
1500
91
22950
20480
2430
145800
64
8640
136080
2352
51030
268800
24576
68
47
25200
23760
31752
510205
